# YOLOv5 Hyperparameter Evolution Results
# Best generation: 45
# Last generation: 49
#    metrics/precision,       metrics/recall,      metrics/mAP_0.5, metrics/mAP_0.5:0.95,         val/box_loss,         val/obj_loss,         val/cls_loss
#              0.96566,              0.93956,              0.97587,               0.6527,             0.024138,            0.0022041,                    0

lr0: 0.0078
lrf: 0.0104
momentum: 0.93346
weight_decay: 0.00048
warmup_epochs: 2.8283
warmup_momentum: 0.84539
warmup_bias_lr: 0.17014
box: 0.04834
cls: 0.49812
cls_pw: 0.96336
obj: 0.88794
obj_pw: 1.1072
iou_t: 0.2
anchor_t: 4.79
fl_gamma: 1.0794
hsv_h: 0.0121
hsv_s: 0.80517
hsv_v: 0.44893
degrees: 0.0
translate: 0.10477
scale: 0.50541
shear: 0.0
perspective: 0.0
flipud: 0.0
fliplr: 0.5
mosaic: 0.0
mixup: 0.0
copy_paste: 0.0
anchors: 3.0
